255
255
255
255
255
255
255
255
255
255
255
255
255
255
255
255
255
255
255
255
255
255
255
255
127
63
63
159
207
199
231
227
243
241
241
225
96
100
68
12
12
252
252
252
60
12
204
72
73
65
97
99
227
231
199
207
159
63
127
127
255
255
255
255
255
255
255
255
255
255
255
255
255
255
255
255
255
255
255
255
255
255
255
255
255
255
255
255
255
255
255
255
255
255
255
255
255
255
255
255
255
255
255
127
31
7
195
241
124
62
63
63
63
31
159
159
143
207
231
225
248
252
254
255
255
255
255
15
6
226
240
240
242
242
242
194
140
156
156
157
156
156
158
156
193
195
135
31
255
255
255
255
255
255
255
255
255
255
255
255
255
255
255
255
255
255
255
255
255
255
255
255
255
255
255
255
255
255
255
255
255
255
255
255
255
255
3
0
248
240
225
231
76
16
3
135
199
135
31
63
63
63
63
63
63
127
255
255
255
255
255
252
240
231
231
239
207
143
159
207
207
207
159
31
63
255
255
255
255
255
255
248
0
3
255
255
255
255
255
255
255
255
255
255
255
255
255
255
255
255
255
255
255
255
255
255
255
255
255
255
255
255
255
255
255
255
255
255
255
255
192
0
63
255
255
255
248
192
199
159
159
159
31
63
255
255
255
255
252
248
241
115
115
3
231
255
255
255
255
255
255
255
255
255
255
255
255
240
224
135
63
127
255
255
255
31
0
192
255
255
255
255
255
255
255
255
255
255
255
255
255
255
255
255
255
255
255
255
255
255
255
255
255
255
255
255
255
255
255
255
255
255
255
255
255
254
248
225
195
143
63
127
255
255
255
255
0
0
255
255
63
31
159
131
225
252
254
255
255
255
255
255
255
255
255
255
255
255
255
255
255
255
255
255
112
32
143
195
225
248
255
255
255
255
255
255
255
255
255
255
255
255
255
255
255
255
255
255
255
255
255
255
255
255
255
255
255
255
255
255
255
255
255
255
255
255
255
255
255
255
255
255
255
255
254
252
252
249
243
227
231
200
200
211
144
144
63
63
63
63
63
63
63
63
63
63
63
31
159
159
223
207
199
231
227
243
249
252
254
255
255
255
255
255
255
255
255
255
255
255
255
255
255
255
255
255
255
255
255
255
255
255
255
255