255
255
255
255
255
255
255
255
255
255
255
255
255
255
255
255
255
255
255
255
255
255
255
255
255
255
255
255
255
255
255
255
255
255
255
255
255
255
255
255
255
255
127
127
63
31
31
15
7
7
7
3
31
127
249
193
128
0
0
0
0
0
0
0
0
0
255
255
255
255
255
255
255
255
255
255
255
255
255
255
255
255
255
255
255
255
255
255
255
255
255
255
255
255
255
255
255
255
255
255
255
255
255
255
255
255
255
255
255
255
255
127
127
127
127
255
255
255
255
63
31
15
7
3
1
0
192
224
240
56
28
28
28
28
28
24
120
240
224
3
3
7
14
28
28
24
56
48
240
252
255
255
255
255
255
255
255
255
255
255
255
255
255
255
255
255
255
255
255
255
255
255
255
255
255
255
255
255
255
255
255
255
255
255
255
255
127
31
31
15
7
3
1
0
128
224
248
124
30
7
3
1
0
0
0
0
0
0
0
0
15
31
63
112
224
224
224
224
224
96
120
63
31
3
0
0
0
128
224
248
252
255
255
255
255
255
255
255
255
255
255
255
255
255
255
255
255
255
255
255
255
255
255
255
255
255
255
255
255
255
255
255
255
255
255
255
255
255
255
255
254
254
254
254
254
254
254
31
15
135
207
238
124
56
56
24
24
24
56
248
240
0
0
0
0
0
0
0
0
0
0
0
0
128
192
224
240
248
252
254
255
255
255
255
255
255
255
255
255
255
255
255
255
255
255
255
255
255
255
255
255
255
255
255
255
255
255
255
255
255
255
255
255
255
255
255
255
255
255
255
255
255
255
255
255
255
255
255
255
255
127
30
15
3
1
0
128
192
224
224
112
56
30
15
31
248
240
224
224
224
112
56
28
28
14
15
135
255
255
255
255
255
255
255
255
255
255
255
255
255
255
255
255
255
255
255
255
255
255
255
255
255
255
255
255
255
255
255
255
255
255
255
255
255
255
255
255
255
255
255
255
255
255
255
255
255
255
255
255
255
255
255
255
255
252
252
252
254
255
255
255
255
255
254
254
254
255
255
255
255
255
1
0
0
128
192
224
240
252
255
255
255
255
255
255
255
255
255
255
255
255
255
255
255
255
255
255
255
255
255
255
255
255
255
255
255
255
255
255
255
255
255
255
255