0
0
0
0
0
0
0
0
0
0
0
0
0
0
0
0
0
0
0
2
6
12
28
120
240
240
224
224
192
128
128
0
0
0
0
0
0
0
0
0
0
0
128
248
248
240
224
224
224
224
224
224
224
224
192
192
192
192
0
0
0
0
0
0
0
0
0
0
0
0
0
0
0
0
0
0
0
0
0
0
0
0
0
0
0
0
0
0
0
0
0
0
0
0
0
0
0
0
0
0
0
0
0
0
0
0
0
0
0
1
3
7
15
31
127
255
255
254
252
252
248
248
244
226
243
249
253
255
255
255
255
255
252
253
249
251
243
231
207
159
63
126
254
252
248
248
240
224
192
0
0
0
0
0
0
0
0
0
0
0
0
0
0
0
0
0
0
0
0
0
0
0
0
0
0
0
0
0
0
0
0
0
0
0
0
0
0
0
0
0
0
0
0
0
0
128
192
224
224
240
249
255
255
255
255
247
231
231
239
231
231
247
255
255
255
255
255
255
255
255
255
255
255
255
255
254
248
243
199
31
127
254
248
224
0
0
0
0
0
0
0
0
0
0
0
0
0
0
0
0
0
0
0
0
0
0
0
0
0
0
0
0
0
0
0
0
0
0
0
0
128
192
192
224
240
248
252
254
255
255
255
255
255
255
255
255
255
255
255
255
255
255
255
255
255
255
255
255
255
255
255
255
255
255
255
255
255
255
255
255
255
255
255
255
252
241
255
63
0
0
0
0
0
0
0
0
0
0
0
0
0
0
0
0
0
0
0
0
0
0
0
0
0
0
0
0
0
0
0
0
0
0
0
0
3
3
15
31
31
31
31
63
63
63
63
31
31
15
15
15
7
7
3
3
3
1
1
1
1
1
0
0
3
15
127
255
255
255
255
255
255
255
255
255
255
255
255
255
127
63
31
12
0
0
0
0
0
0
0
0
0
0
0
0
0
0
0
0
0
0
0
0
0
0
0
0
0
0
0
0
0
0
0
0
0
0
0
0
0
0
0
0
0
0
0
0
0
0
0
0
0
0
0
0
0
0
0
0
0
0
0
0
0
0
0
0
0
0
0
3
15
127
255
127
63
31
15
7
3
1
0
0
0
0
0
0
0
0
0
0
0
0
0
0
0
0
0
0
0
0
0
0
0
0